164,3
164,2
164,1
164,0
162,5
162,4
162,3
162,2
162,1
162,0
160,5
160,4
160,3
160,2
160,1
160,0
150,5
150,4
150,3
150,2
150,1
150,0
146,9
146,8
146,7
146,6
146,5
146,4
146,3
146,2
146,1
146,0
139,7
139,6
139,5
139,4
139,3
139,2
139,1
139,0
133,6
133,5
133,4
133,3
133,2
133,1
133,0
132,3
132,2
132,1
132,0
131,4
131,3
131,2
131,1
131,0
130,3
130,2
130,1
130,0
129,3
129,2
129,1
129,0
124,5
124,4
124,3
124,2
124,1
124,0
115,5
115,4
115,3
115,2
115,1
115,0
114,5
114,4
114,3
114,2
114,1
114,0
111,3
111,2
111,1
111,0
110,3
110,2
110,1
110,0
109,5
109,4
109,3
109,2
109,1
109,0
107,5
107,4
107,3
107,2
107,1
107,0
105,5
105,4
105,3
105,2
105,1
105,0
94,4
94,3
94,2
94,1
94,0
93,4
93,3
93,2
93,1
93,0
92,4
92,3
92,2
92,1
92,0
91,5
91,4
91,3
91,2
91,1
91,0
90,6
90,5
90,3
90,2
90,1
90,0
88,5
88,4
88,3
88,2
88,1
88,0
87,6
87,5
87,4
87,3
87,2
87,1
87,0
86,12
86,11
86,10
86,9
86,8
86,7
86,6
86,5
86,4
86,3
86,2
86,0
78,4
78,3
77,6
77,2
77,0
66,16
66,3
66,2
66,0
65,4
65,3
63,4
63,3
62,4
62,3
61,12
61,2
61,0
56,4
56,3
54,4
54,3
53,4
53,3
47,3
32,4
32,3
30,5
30,2
30,0
21,4
21,3
15,11
15,10
15,9
15,8
15,7
15,6
15,5
15,4
15,3
14,10
14,9
14,8
14,7
14,6
14,5
14,4
14,3
14,2
14,1
14,0
7,4
7,3
5,3
2,64
2,36
2,35
2,34
2,33
2,32
2,31
2,30
2,29
2,28
2,27
2,26
2,25
2,24
2,23
2,22
2,21
2,20
2,19
2,18
2,17
2,16
2,15
2,14
2,13
2,12
2,11
2,10
2,9
2,8
2,7
2,6
2,5
2,3
2,2
2,0
1,3
0,381
0,380
0,379
0,378
0,377
164,4
164,5
164,7
164,8
173,1
173,2
173,4
174,0
174,1
174,3
174,4
179,0
179,2
179,3
179,5
179,6
183,0
183,1
183,3
185,1
185,2
185,4
185,5
187,1
187,3
187,4
189,0
189,1
189,3
189,4
191,0
191,2
191,3
191,5
192,0
192,2
194,0
194,1
194,3
194,4
195,0
195,1
195,3
195,5
195,6
196,0
196,1
196,3
196,5
196,6
197,0
197,1
197,3
197,5
198,0
198,2
198,3
198,5
199,0
199,2
199,4
200,0
200,2
200,3
201,0
201,2
201,3
201,5
208,0
208,2
208,3
208,5
210,1
210,2
210,4
210,5
212,1
212,3
212,4
214,0
214,1
214,3
214,4
216,0
216,2
216,3
216,5
217,0
217,2
217,4
217,5
220,1
220,2
220,4
223,0
223,1
223,3
223,4
224,0
224,1
224,3
224,5
224,6
227,1
227,2
229,0
229,2
229,3
229,5
231,0
231,2
231,3
231,5
231,7
231,8
233,1
233,2
233,4
233,6
233,7
235,1
235,2
235,4
235,5
237,1
237,3
238,0
238,2
238,3
243,0
243,2
243,3
243,5
243,6
245,1
245,2
245,4
245,6
246,0
246,2
246,3
247,1
247,3
247,4
249,1
249,2
249,4
250,1
250,2
251,0
251,1
251,3
251,4
251,6
252,0
252,1
252,3
252,4
261,1
261,3
261,4
262,0
262,1
262,3
262,4
264,1
264,3
267,0
267,2
267,3
268,1
268,3
268,4
270,1
270,2
270,4
270,5
275,1
275,3
275,4
277,1
277,2
277,4
278,1
278,2
278,4
278,5
281,1
281,3
281,4
281,6
281,7
283,1
283,2
283,4
284,1
284,2
284,4
285,0
285,2
286,0
286,1
286,3
286,4
288,1
288,2
289,0
289,2
289,3
289,5
290,0
290,2
291,0
291,1
291,3
293,0
293,2
293,3
296,1
296,3
296,4
298,1
298,2
298,4
299,1
299,2
299,4
299,5
299,7
299,8
300,1
300,3
300,4
300,6
303,0
303,2
303,4
303,5
303,7
304,0
304,2
304,4
305,0
305,2
305,3
305,5
306,0
306,2
306,4
308,0
308,2
308,3
313,0
313,2
313,3
313,5
315,0
315,2
315,3
315,5
317,1
317,2
317,4
317,5
323,1
323,3
323,4
323,6
330,0
330,2
330,3
330,5
330,7
331,0
331,2
331,3
331,5
333,0
333,1
333,3
333,4
333,6
333,8
335,0
335,2
335,3
335,5
335,6
336,1
336,3
336,4
337,1
337,2
338,0
338,2
338,3
342,0
342,1
342,3
342,6
344,0
344,1
344,3
344,4
344,6
349,0
349,1
349,3
349,6
349,7
351,1
351,3
351,4
354,0
354,1
354,3
354,5
359,0
359,2
359,3
359,5
359,7
360,0
360,2
360,3
360,5
360,6
360,8
361,0
361,1
361,3
361,4
361,6
362,0
362,1
362,3
362,4
362,6
362,7
363,1
363,3
363,4
363,6
363,7
363,9
369,1
369,2
369,4
369,5
371,1
371,2
371,4
373,0
373,1
373,3
373,4
375,0
375,2
375,3
375,5
376,0
376,2
376,3
376,5
376,7
379,0
379,2
379,3
379,5
379,7
379,8
379,10
380,0
380,2
380,4
382,0
382,2
382,3
382,5
384,0
384,2
384,4
384,5
384,7
386,0
386,2
386,4
386,5
389,1
389,2
389,4
389,5
392,1
392,3
392,4
392,6
398,0
398,2
398,4
43,3
43,4
45,0
45,2
45,3
46,1
46,2
47,0
47,1
48,0
48,2
48,3
49,1
49,2
50,0
50,2
50,3
51,1
51,2
52,0
52,1
52,3
53,0
53,1
54,0
54,1
56,0
56,2
61,3
61,5
61,6
61,8
61,10
61,11
62,1
62,2
63,1
63,2
65,1
66,4
66,5
66,7
66,8
66,10
66,12
66,13
66,15
73,0
73,2
73,3
77,3
78,0
78,1
79,0
79,1
79,3
80,0
80,1
80,3
80,4
82,1
82,2
82,4
82,6
82,7
83,0
83,1
83,3
83,4
83,2
82,8
82,5
82,3
82,0
80,2
79,4
79,2
78,2
77,4
73,4
73,1
66,14
66,11
66,9
66,6
65,2
65,0
63,0
62,0
61,9
61,7
61,4
56,1
54,2
53,2
52,4
52,2
51,3
51,0
50,1
49,3
49,0
48,1
47,2
46,3
46,0
45,1
43,5
43,2
43,1
43,0
32,2
32,1
32,0
31,6
31,5
31,4
31,3
31,2
31,1
31,0
30,4
30,3
26,5
26,4
26,3
26,2
26,1
26,0
25,5
25,4
25,3
25,2
25,1
25,0
23,5
23,4
23,3
23,2
23,1
23,0
21,2
21,1
21,0
17,5
17,4
17,3
17,2
17,1
17,0
15,2
15,1
15,0
13,5
13,4
13,3
13,2
13,1
13,0
9,4
9,3
9,2
9,1
9,0
7,5
7,2
7,1
7,0
5,2
5,1
5,0
4,3
398,5
400,1
400,2
400,4
400,5
30,1
66,1
77,1
86,1
61,1
2,1
400,3
400,0
398,3
398,1
392,5
392,2
392,0
389,3
389,0
386,3
386,1
384,6
384,3
384,1
382,4
382,1
380,3
380,1
379,9
379,6
379,4
379,1
376,4
376,1
375,4
375,1
373,5
373,2
371,5
371,3
371,0
369,3
369,0
363,8
363,5
363,2
363,0
362,5
362,2
361,7
361,5
361,2
360,9
360,7
360,4
360,1
359,6
359,4
359,1
354,4
354,2
351,5
351,2
351,0
349,5
349,2
344,7
344,5
344,2
342,7
342,5
342,2
338,4
338,1
337,3
337,0
336,2
336,0
335,4
335,1
333,7
333,5
333,2
331,6
331,4
331,1
330,6
330,4
330,1
323,5
323,2
323,0
317,3
317,0
315,4
315,1
313,4
313,1
308,4
308,1
306,3
306,1
305,4
305,1
304,3
304,1
303,6
303,3
303,1
300,5
300,2
300,0
299,6
299,3
299,0
298,3
298,0
296,2
296,0
293,1
291,2
290,3
290,1
289,4
289,1
288,3
288,0
286,2
285,3
285,1
284,3
284,0
283,3
283,0
281,5
281,2
281,0
278,3
278,0
277,3
277,0
275,2
275,0
270,3
270,0
268,2
268,0
267,1
264,2
264,0
262,2
261,5
261,2
261,0
252,2
251,7
251,5
251,2
250,3
250,0
249,3
249,0
247,2
247,0
246,1
245,5
245,3
245,0
243,4
243,1
238,4
238,1
237,2
237,0
235,3
235,0
233,5
233,3
233,0
231,6
231,4
231,1
229,4
229,1
227,3
227,0
224,4
224,2
223,5
223,2
220,5
220,3
220,0
217,3
217,1
216,4
216,1
214,5
214,2
212,5
212,2
212,0
210,3
210,0
208,4
208,1
201,4
201,1
200,4
200,1
199,3
199,1
198,4
198,1
197,4
197,2
196,7
196,4
196,2
195,7
195,4
195,2
194,5
194,2
192,3
192,1
191,4
191,1
189,5
189,2
187,5
187,2
187,0
185,3
185,0
183,2
179,7
179,4
179,1
174,5
174,2
173,5
173,3
173,0
164,6
0,338
0,337
0,334
0,332
0,329
0,328
0,327
0,326
0,323
0,321
0,318
0,316
0,315
0,312
0,311
0,308
0,243
0,9
0,300
0,299
0,298
0,297
0,296
0,295
0,294
0,293
0,292
0,291
0,290
0,289
0,288
0,287
0,286
0,285
0,284
0,283
0,282
0,281
0,280
0,279
0,278
0,277
0,276
0,275
0,274
0,273
0,272
0,271
0,270
0,269
0,268
0,267
0,266
0,265
0,264
0,263
0,262
0,261
0,260
0,259
0,258
0,257
0,256
0,255
0,254
0,253
0,252
0,251
0,250
0,249
0,248
0,247
0,246
0,245
0,244
0,242
0,241
0,240
0,239
0,238
0,237
0,236
0,235
0,234
0,233
0,232
0,231
0,230
0,229
0,228
0,227
0,226
0,225
0,224
0,223
0,222
0,221
0,220
0,219
0,218
0,217
0,216
0,215
0,214
0,213
0,212
0,211
0,210
0,209
0,208
0,207
0,206
0,205
0,204
0,203
0,202
0,201
0,200
0,199
0,198
0,197
0,196
0,195
0,194
0,193
0,192
0,63
0,62
0,61
0,60
0,59
0,58
0,57
0,56
0,55
0,54
0,53
0,52
0,51
0,50
0,49
0,48
0,47
0,46
0,45
0,6
0,0
0,5
0,324
0,304
0,1
0,333
0,303
0,306
0,305
0,302
0,325
0,12
0,307
0,10
0,331
0,8
0,314
0,11
0,2
0,4
0,3
0,7
