31,6
31,5
31,4
31,3
31,2
31,1
31,0
30,5
30,4
30,3
30,2
30,1
30,0
26,5
26,4
26,3
26,2
26,1
26,0
25,5
25,4
25,3
25,2
25,1
25,0
23,5
23,4
23,3
23,2
23,1
23,0
21,4
21,3
21,2
21,1
21,0
17,5
17,4
17,3
17,2
17,1
17,0
15,11
15,10
15,9
15,8
15,7
15,6
15,5
15,4
15,3
15,2
15,1
15,0
14,10
14,9
14,8
14,7
14,6
14,5
14,4
14,3
14,2
14,1
14,0
13,5
13,4
13,3
13,2
13,1
13,0
9,4
9,3
9,2
9,1
9,0
7,5
7,4
7,3
7,2
7,1
7,0
5,3
5,2
5,1
5,0
2,77
2,69
2,68
2,67
2,66
2,65
2,64
2,38
2,37
2,36
2,35
2,34
2,31
2,30
2,29
2,28
2,26
2,25
2,24
2,23
2,22
2,21
2,20
2,19
2,18
2,17
2,16
2,15
2,14
2,13
2,12
2,11
2,10
2,9
2,8
2,7
2,6
2,5
2,3
2,2
2,0
1,3
0,534
0,532
0,530
0,529
0,527
0,526
0,525
0,524
0,522
0,521
0,520
0,517
0,516
0,513
0,319
0,317
0,316
0,315
0,313
0,310
0,309
0,243
0,9
0,300
0,299
0,298
0,297
0,296
0,295
0,294
0,293
0,292
0,291
0,290
0,289
0,288
0,287
0,286
0,285
0,284
0,283
0,282
0,281
0,280
0,279
0,278
0,277
0,276
0,275
0,274
0,273
0,272
0,271
0,270
0,269
0,268
0,267
0,266
0,265
0,264
0,263
0,262
0,261
0,260
0,259
0,258
0,257
0,256
0,255
0,254
32,0
32,1
32,3
32,4
43,1
43,2
43,4
45,0
45,1
45,3
46,0
46,2
47,0
47,1
47,3
48,0
48,2
48,3
49,1
49,3
50,0
50,2
50,3
51,1
51,3
52,0
52,2
52,3
53,0
53,1
53,3
54,0
54,1
54,3
54,4
56,1
56,3
56,4
61,1
61,2
61,4
61,5
61,7
61,9
61,10
61,12
62,0
62,2
62,4
63,0
63,2
63,3
65,0
65,2
65,3
66,0
66,1
66,3
66,4
66,6
66,8
66,9
66,11
66,12
66,14
66,16
73,0
73,2
73,3
77,0
77,1
77,3
77,6
78,1
78,2
78,4
79,1
79,2
79,4
80,0
80,2
80,3
82,0
82,2
82,3
82,5
82,6
82,8
83,1
83,2
83,4
86,0
86,2
86,4
86,5
86,7
86,8
86,10
86,11
87,0
87,2
87,3
87,5
87,6
88,1
88,3
88,4
90,0
90,1
90,3
90,6
91,1
91,2
91,4
91,5
92,1
92,3
92,4
93,1
93,2
93,4
94,0
94,2
94,4
95,0
95,2
95,3
105,0
105,1
105,3
105,4
107,0
107,1
107,3
107,5
109,0
109,2
109,3
109,5
110,1
110,2
111,0
111,1
111,3
114,1
114,2
114,4
114,5
115,1
115,2
115,4
124,0
124,1
124,3
124,4
129,0
129,2
129,3
130,1
130,2
131,0
131,1
131,3
131,5
132,0
132,2
132,3
133,1
133,3
133,4
133,6
139,0
139,2
139,3
139,5
139,7
146,0
146,2
146,3
146,5
146,7
146,8
150,0
150,1
150,3
150,5
160,1
160,3
160,4
162,1
162,2
162,4
164,1
164,2
164,4
164,5
164,7
173,1
173,2
173,4
173,5
174,2
174,3
174,5
179,2
179,3
179,5
179,6
183,1
183,3
185,1
185,3
185,4
187,1
187,2
187,4
189,1
189,2
189,4
189,5
191,2
191,4
191,5
192,2
192,3
194,2
194,3
194,5
195,2
195,3
195,5
195,6
196,1
196,3
196,4
196,6
196,7
197,2
197,4
197,5
198,2
198,3
198,5
199,1
199,3
200,1
200,2
200,4
201,1
201,3
201,5
208,1
208,3
208,4
210,1
210,2
210,4
212,1
212,2
212,4
212,5
214,2
214,4
214,5
216,2
216,3
216,5
217,1
217,3
217,5
220,1
220,3
220,4
223,1
223,3
223,4
224,1
224,2
224,4
224,6
227,1
227,3
229,1
229,3
229,4
231,1
231,3
231,4
231,6
231,7
233,1
233,3
234,1
234,3
234,4
239,2
239,3
239,5
241,1
241,2
241,4
241,5
242,1
242,3
243,1
243,3
243,4
245,2
245,3
246,1
246,3
247,1
247,3
247,4
247,6
247,8
248,1
248,3
248,4
257,2
257,4
257,5
258,2
258,3
260,1
260,2
263,1
263,3
264,1
264,3
264,4
266,2
266,4
266,5
271,2
271,3
273,1
273,2
273,4
274,2
274,3
274,5
277,1
277,3
277,5
277,6
279,1
279,2
279,4
280,1
280,3
281,1
281,2
282,1
282,2
282,4
284,2
284,3
285,2
285,3
285,5
286,1
286,3
287,2
287,3
289,2
289,3
292,2
292,4
294,1
294,3
294,4
295,2
295,4
295,5
295,7
295,8
296,2
296,3
296,5
299,1
299,2
299,4
299,5
299,7
300,2
300,3
301,1
301,2
301,4
301,5
302,2
302,4
304,1
304,3
304,4
309,2
309,4
309,5
311,2
311,3
311,5
313,1
313,3
313,5
319,1
319,3
319,4
319,6
326,2
326,3
326,5
326,6
327,1
327,3
327,4
327,6
329,1
329,3
329,4
329,6
329,8
331,1
331,3
331,4
331,6
332,2
332,3
333,1
333,2
334,1
334,2
334,4
338,2
338,3
338,5
338,6
340,1
340,3
340,4
340,6
340,7
345,2
345,3
345,5
345,7
347,1
347,3
347,4
350,1
350,3
350,4
355,1
355,2
355,4
355,5
355,7
356,2
356,3
356,5
356,6
356,8
357,1
357,2
357,4
357,5
357,7
358,2
358,3
358,5
358,6
359,1
359,2
359,4
359,6
359,7
359,9
365,1
365,3
365,5
367,1
367,3
367,4
369,1
369,2
369,4
371,1
371,2
371,4
371,5
372,2
372,4
372,5
372,7
375,1
375,3
375,4
375,6
375,8
375,9
376,1
376,2
376,4
378,2
378,3
378,5
380,1
380,3
380,5
380,6
382,1
382,2
382,4
382,5
385,2
385,4
385,5
388,2
388,3
4,3
388,5
394,1
394,2
394,4
394,5
396,2
396,3
396,5
2,1
396,4
396,1
394,3
388,6
388,4
388,1
385,3
385,1
382,3
380,7
380,4
380,2
378,4
378,1
376,3
375,10
375,7
375,5
375,2
372,3
372,1
371,3
369,5
369,3
367,5
367,2
365,4
365,2
359,8
359,5
359,3
358,7
358,4
358,1
357,6
357,3
356,9
356,7
356,4
356,1
355,6
355,3
350,5
350,2
347,5
347,2
345,6
345,1
340,5
340,2
338,7
338,1
334,3
333,3
332,4
332,1
331,5
331,2
329,7
329,5
329,2
327,5
327,2
326,7
326,4
326,1
319,5
319,2
313,4
313,2
311,4
311,1
309,3
309,1
304,2
302,3
302,1
301,3
300,4
300,1
299,6
299,3
296,6
296,4
296,1
295,6
295,3
295,1
294,2
292,3
292,1
289,1
287,1
286,2
285,4
285,1
284,1
282,3
281,3
280,4
280,2
279,3
277,7
277,4
277,2
274,4
274,1
273,3
271,4
271,1
266,3
266,1
264,2
263,2
260,3
258,4
258,1
257,3
257,1
248,2
247,7
247,2
246,2
245,4
245,1
243,2
242,2
241,6
241,3
239,6
239,4
239,1
234,2
233,2
231,8
231,5
231,2
229,5
229,2
227,2
224,5
224,3
223,5
223,2
220,5
220,2
217,4
217,2
216,4
216,1
214,3
214,1
212,3
210,5
210,3
208,5
208,2
201,4
201,2
200,3
199,4
199,2
198,4
198,1
197,3
197,1
196,5
196,2
195,7
195,4
195,1
194,4
194,1
192,1
191,3
191,1
189,3
187,5
187,3
185,5
185,2
183,2
179,7
179,4
179,1
174,4
174,1
173,3
164,8
164,6
164,3
162,5
162,3
160,5
160,2
150,4
150,2
146,9
146,6
146,4
146,1
139,6
139,4
139,1
133,5
133,2
133,0
132,1
131,2
130,3
130,0
129,1
124,5
124,2
115,5
115,3
115,0
114,3
114,0
111,2
110,3
110,0
109,4
109,1
107,4
107,2
105,5
105,2
95,6
95,4
95,1
94,3
94,1
93,3
93,0
92,2
92,0
91,3
91,0
90,5
90,2
88,5
88,2
88,0
87,4
87,1
86,12
86,9
86,6
86,3
86,1
83,3
83,0
82,7
82,4
82,1
80,4
80,1
79,3
79,0
78,3
78,0
77,4
77,2
73,4
73,1
66,15
66,13
66,10
66,7
66,5
66,2
65,4
65,1
63,4
63,1
62,3
62,1
61,11
61,8
61,6
61,3
61,0
56,2
56,0
54,2
53,4
53,2
52,4
52,1
51,2
51,0
50,1
49,2
49,0
48,1
47,2
46,3
46,1
45,2
43,5
43,3
43,0
32,2
0,253
0,252
0,251
0,250
0,249
0,248
0,247
0,246
0,245
0,244
0,242
0,241
0,240
0,239
0,238
0,237
0,236
0,235
0,234
0,233
0,232
0,231
0,230
0,229
0,228
0,227
0,226
0,225
0,224
0,223
0,222
0,221
0,220
0,219
0,218
0,217
0,216
0,215
0,214
0,213
0,212
0,211
0,210
0,209
0,208
0,207
0,206
0,205
0,204
0,203
0,202
0,201
0,200
0,199
0,198
0,197
0,196
0,195
0,194
0,193
0,192
0,63
0,62
0,61
0,60
0,59
0,58
0,57
0,56
0,55
0,54
0,53
0,52
0,51
0,50
0,49
0,48
0,47
0,46
0,45
0,6
0,0
0,5
0,514
0,304
0,1
0,531
0,303
0,306
0,305
0,302
0,515
0,12
0,318
0,10
0,533
0,8
0,308
0,11
0,2
0,4
0,3
0,7
396,0
394,0
388,0
385,0
382,0
380,0
378,0
376,0
375,0
372,0
371,0
369,0
367,0
365,0
359,0
358,0
357,0
356,0
355,0
350,0
347,0
345,0
340,0
338,0
334,0
333,0
332,0
331,0
329,0
327,0
326,0
319,0
313,0
311,0
309,0
304,0
302,0
301,0
300,0
299,0
296,0
295,0
294,0
292,0
289,0
287,0
286,0
285,0
284,0
282,0
281,0
280,0
279,0
277,0
274,0
273,0
271,0
266,0
264,0
263,0
260,0
258,0
257,0
248,0
247,0
246,0
245,0
243,0
242,0
241,0
239,0
234,0
233,0
231,0
229,0
227,0
224,0
223,0
220,0
217,0
216,0
214,0
212,0
210,0
208,0
201,0
200,0
199,0
198,0
197,0
196,0
195,0
194,0
192,0
191,0
189,0
187,0
185,0
183,0
179,0
174,0
173,0
164,0
162,0
160,0
